21
Mustela_lutreola         0.0000000 0.0871049 0.1521962 0.1612405 0.1550518 0.1540121 0.1637826 0.1557002 0.1496223 0.0053635 0.0046156 0.0322982 0.0173033 0.1475664 0.0391342 0.1698672 0.0322463 0.0088509 0.1539540 0.0316446 0.1499118 
Odobenus_rosmarus        0.0871049 0.0000000 0.1007532 0.1050964 0.1022531 0.0996978 0.0939532 0.1027077 0.0988862 0.0881251 0.0865222 0.0841665 0.0852929 0.0996965 0.0861181 0.0992998 0.0861993 0.0869417 0.1025927 0.0859681 0.1011193 
Lynx_canadensis          0.1521962 0.1007532 0.0000000 0.0107030 0.0095630 0.0067531 0.1568600 0.0082416 0.0100449 0.1527435 0.1518387 0.1433369 0.1508374 0.0079412 0.1428568 0.0204520 0.1499555 0.1500664 0.0076668 0.1453691 0.0079145 
Acinonyx_jubatus         0.1612405 0.1050964 0.0107030 0.0000000 0.0124775 0.0104749 0.1689774 0.0123844 0.0134752 0.1609845 0.1604239 0.1497177 0.1575520 0.0103271 0.1496502 0.0315349 0.1567672 0.1587240 0.0105125 0.1530301 0.0112638 
Leopardus_geoffroyi      0.1550518 0.1022531 0.0095630 0.0124775 0.0000000 0.0095891 0.1523030 0.0112157 0.0106907 0.1555265 0.1545768 0.1457397 0.1533913 0.0099671 0.1451123 0.0236529 0.1527245 0.1520410 0.0106804 0.1472866 0.0103599 
Prionailurus_bengalensis 0.1540121 0.0996978 0.0067531 0.0104749 0.0095891 0.0000000 0.1513873 0.0021655 0.0093532 0.1545024 0.1535369 0.1445671 0.1521298 0.0079355 0.1426852 0.0226714 0.1514939 0.1518359 0.0077325 0.1468948 0.0076656 
Canis_lupus              0.1637826 0.0939532 0.1568600 0.1689774 0.1523030 0.1513873 0.0000000 0.1647836 0.1457765 0.1625834 0.1626219 0.1360316 0.1593754 0.1238154 0.1337119 0.1627536 0.1605965 0.1624811 0.1607342 0.1560095 0.1512371 
Prionailurus_viverrinus  0.1557002 0.1027077 0.0082416 0.0123844 0.0112157 0.0021655 0.1647836 0.0000000 0.0106492 0.1562703 0.1553461 0.1474116 0.1541024 0.0099505 0.1458205 0.0277623 0.1543221 0.1535553 0.0095267 0.1496833 0.0095812 
Panthera_uncia           0.1496223 0.0988862 0.0100449 0.0134752 0.0106907 0.0093532 0.1457765 0.0106492 0.0000000 0.1501564 0.1492599 0.1418536 0.1486740 0.0110496 0.1419987 0.0225703 0.1484732 0.1479630 0.0112267 0.1432153 0.0110852 
Mustela_nigripes         0.0053635 0.0881251 0.1527435 0.1609845 0.1555265 0.1545024 0.1625834 0.1562703 0.1501564 0.0000000 0.0024529 0.0328196 0.0186834 0.1478908 0.0405127 0.1671710 0.0332224 0.0100765 0.1548236 0.0324723 0.1507530 
Mustela_putorius         0.0046156 0.0865222 0.1518387 0.1604239 0.1545768 0.1535369 0.1626219 0.1553461 0.1492599 0.0024529 0.0000000 0.0324748 0.0174616 0.1467293 0.0393523 0.1690079 0.0328872 0.0094476 0.1537908 0.0321362 0.1497419 
Enhydra_lutris           0.0322982 0.0841665 0.1433369 0.1497177 0.1457397 0.1445671 0.1360316 0.1474116 0.1418536 0.0328196 0.0324748 0.0000000 0.0327174 0.1394243 0.0347862 0.1419474 0.0171157 0.0319599 0.1427866 0.0116093 0.1388209 
Neovison_vison           0.0173033 0.0852929 0.1508374 0.1575520 0.1533913 0.1521298 0.1593754 0.1541024 0.1486740 0.0186834 0.0174616 0.0327174 0.0000000 0.1449831 0.0373644 0.1642162 0.0325615 0.0166946 0.1499912 0.0318854 0.1462153 
Puma_concolor            0.1475664 0.0996965 0.0079412 0.0103271 0.0099671 0.0079355 0.1238154 0.0099505 0.0110496 0.1478908 0.1467293 0.1394243 0.1449831 0.0000000 0.1447831 0.0072030 0.1443646 0.1460822 0.0041267 0.1394295 0.0084842 
Meles_meles              0.0391342 0.0861181 0.1428568 0.1496502 0.1451123 0.1426852 0.1337119 0.1458205 0.1419987 0.0405127 0.0393523 0.0347862 0.0373644 0.1447831 0.0000000 0.1414928 0.0379560 0.0392626 0.1461730 0.0368144 0.1430238 
Lynx_rufus               0.1698672 0.0992998 0.0204520 0.0315349 0.0236529 0.0226714 0.1627536 0.0277623 0.0225703 0.1671710 0.1690079 0.1419474 0.1642162 0.0072030 0.1414928 0.0000000 0.1641934 0.1679308 0.0301428 0.1583181 0.0276068 
Lontra_canadensis        0.0322463 0.0861993 0.1499555 0.1567672 0.1527245 0.1514939 0.1605965 0.1543221 0.1484732 0.0332224 0.0328872 0.0171157 0.0325615 0.1443646 0.0379560 0.1641934 0.0000000 0.0319217 0.1493243 0.0180523 0.1454871 
Mustela_erminea          0.0088509 0.0869417 0.1500664 0.1587240 0.1520410 0.1518359 0.1624811 0.1535553 0.1479630 0.0100765 0.0094476 0.0319599 0.0166946 0.1460822 0.0392626 0.1679308 0.0319217 0.0000000 0.1515883 0.0309963 0.1475622 
Puma_yagouaroundi        0.1539540 0.1025927 0.0076668 0.0105125 0.0106804 0.0077325 0.1607342 0.0095267 0.0112267 0.1548236 0.1537908 0.1427866 0.1499912 0.0041267 0.1461730 0.0301428 0.1493243 0.1515883 0.0000000 0.1452719 0.0084060 
Lutra_lutra              0.0316446 0.0859681 0.1453691 0.1530301 0.1472866 0.1468948 0.1560095 0.1496833 0.1432153 0.0324723 0.0321362 0.0116093 0.0318854 0.1394295 0.0368144 0.1583181 0.0180523 0.0309963 0.1452719 0.0000000 0.1412142 
Felis_catus              0.1499118 0.1011193 0.0079145 0.0112638 0.0103599 0.0076656 0.1512371 0.0095812 0.0110852 0.1507530 0.1497419 0.1388209 0.1462153 0.0084842 0.1430238 0.0276068 0.1454871 0.1475622 0.0084060 0.1412142 0.0000000 
